image_width: 640
image_height: 480
camera_name: stereo/right
camera_matrix:
  rows: 3
  cols: 3
  data: [523.139499 ,0.000000, 319.655966,
          0.000000, 523.394088, 267.733782,
          0.000000, 0.000000 ,1.000000]
distortion_model: plumb_bob
distortion_coefficients:
  rows: 1
  cols: 5
  data: [0.000599, 0.071806, 0.002352, 0.001851, 0.000000]
rectification_matrix:
  rows: 3
  cols: 3
  data: [ 0.996861, 0.008680, -0.078688,
          -0.008901, 0.999957, -0.002469,
          0.078663, 0.003162, 0.996896]
projection_matrix:
  rows: 3
  cols: 4
  data: [572.993971, 0.000000, 374.534946, -34.309807,
         0.000000,  572.993971, 271.474743, 0.000000,
         0.000000,  0.000000,  1.000000, 0.000000]
